200500009700100003050000060040200000300004500020008000970080000003402100008070000
400309000061000000200080700020000930005000860008907000000005003070000406500208000
000040000200100735080000000400850007078030056069000000010200000090300600004090200
008200000509000003060030010020000100080000059003040060090870000000000020002390806
005409030000070008090003700000740000302005100400000006000300010040520000009087000
007005342008000000000024000000200000000057103000030078089000620001009000045060700
860002003100030060000800009230100008006000005000000004010070900700009500300010070
090006000060000000305800020000208490001050007800070205100000000000015300030900080
000000400000201050590060080006000009000100000819004060000350000071000005060000807
208003000003010000000050008000500804000970600690400050509087000040000001700000003
037000060000000009800005200050000030001607900900500000000096005700200400360000080
000470500020000004800000960007010009060900000000050012050002008276000030004700000
005400020090700000000003009000600070000009100304071005009200408050006002000007000
056002000000590003180006000000209070500070060010004009000000400003000000040008250
000000024003040800207180900000000030308610270600000005800069000090502000000000000
000030462010762900000000000500006000080400000391000000000050007203108050100000003
000070005000200090090030000059000308000701000010003206500000860300600000001004003
940020000070408000000000020500060009007100040600200070160000030020000005000700610
000500020000320401070046083000080000439000000600004000000000068060007000254003000
200500090060070100041609000020000056000050400500208070090001000000940060000800300
004000006087001200000000070006000000100702090020940013563008000000007039000000000
020573006030009000580601070091000020600050008008000940000000003000020000000400200
304008020000406070007001090290670005000000000045010000670500000002000000900000302
000005004008700002000090700407000006060800003090001005000008000203000060056430020
500002000803709000010030600031000000002100004080000005070000009009080002400003800
100000690035010800820500000000001000300000210000079540010008400004060000000020030
004509600300000005000020074580200400607300000000006800703080100000030020050000000
000000470200500001300006090060107030005008000007900802508000000000093600000800000
049010002050000100000076403068002009000060070000901000070000030000300000480000006
000005000030800096842000030000000007000007085790500000000019008076000010300700400
005700000040010000037050060000087000006100038000030002700068010000000040820004700
080050030205000009007908600020000000000390527300001090700600000000080000096000005
306005009500010320001030050080029130000800000000063090490082006007000000000000000
000100490600090700020003060040900300800310000000500008070000004000020000005080106
002600000000027068003010000860005030001068400300000050000172000010900247000000090
002000006701920000000040050000700109100000800094000300073060008509003000020007000
000074036065000070004001000000500000086002050070030800108000000300090200000405000
007460003004000107200000600400000305003100009800000070000007000509006002620030000
000082500800005034050300160008910050067000000200000070003000000540060020000000800
200400070800061400004700002040100000500000028700000009060030000100006005005000060
007000600000200057008050000900703100000008003010500040040105370090000000200000481
008000005090040000500000010000300570000180000406000280001900640600018000009500000
000052000000006004001000900004080300030004590800029070620000030000890200008007000
030100608050700900000600040005000060060320007170000200000908400500010020000000080
001045300040000750060000009000150000070000030600007018000900000800400200390060007
004050000082009010000308750000100040030200801108007002000000007007000000000013900
000000506007060200018200040000000900000002010800071005090008000000035702002007000
000020500060000000035070900000304000057000080040800030010003020006902004000000109
400002000200800007609140000020073090100008070006400800000604200001300040000000000
600009000170000056034007000000000049010400082507000000085000060000040200700006090
200000000009040300601509000902450600007010054000030010000600090003000700094000000
600003050000210090000800300002000148007004000000900060000401000020008000790030005
400200080000080570010709000000000200940000000030498006001000020890007034000001000
000600020000010070076009005000070001000001030910058000065700003304500060800000000
000029300200080006003500008100374900079000060400000200607200000050000000000000100
000083000500000807040200059093007005020030740000000000600000108007800020000010070
000307001060000000000040870092001500500600007000000106709500400000000008314090000
000100040060007000000029500050000238007030000200000000940070002000300001605000097
000090008000400000075002030000867000206005080500000600002501000010004590300000700
003000004070900000020000139080000000030019050000860010712400800090000000000095700
003240000000008103078500000200600807040701000300002900002000000000390008050000060
000500810000100700028000000400009000002300001506840000040000000009001054070006230
700100005000000036056200870170089500000064018060000000000051040900000700000000000
600508000000100000000006300000300700009002000086005012000070040125000003040000028
600428007000060000040000002002600400900050001007092580090000004000000070703000205
200030050000000009000000130000400096056019070980200000005790000007002008060500000
000000534000940007001002000908400200000003069300080000620000000700690400800020000
000103004020000070900087060050000400800000005140000008070000000000700600082560900
038700000020000930640820000006980400700000300080010700000092000095000602000000000
000004021001930050000000000705000000020800007000600900040265000090000605800009030
000056090005300020700180000050000060870200000000000702040800200609070000530000600
800000009003090060090008030106003400070921006000000800050070020000200000041600000
500700003000084709000000000405602000020008004060000000002049600130500040000100090
005009010000500700700100200030040002200003000010080000604010500000050097050000004
004000000020598000003000019508003000002000100000600030070080295280040000000007040
030000010000009480006080050000000000100003065840050000000037000591600030004501000
060500700004609100010000020500800940000000000400903067100090280000000004089002000
030000100050037008001560302080620000006009000000003010000750000004000500070006090
650002080000800054000300000009600023000020000300010409000005000020000870800000605
600002000003500067950600100090230000000010000000005273006309000780050000000001400
000057000904600000000000006301090600009000700700000801105070000006005300000042007
003042010000060080000007002000000000000796050002001006038100000050900800190030000
000006000807200000390000061600002004400100075705930100000600300000095000000040090
006170800080000309207000010800010007040000000000203000000046908300000000500307020
700048000004000300000003000000000006000090710089000002041060207030002900097010500
007000000000758620080010450840020030100804005023000700700605000000300000300000060
400070006010900700009064200320040000000502007907000002040056000600001000000800005
630000002000300640091000000000624050050000729002050000000289000010000000200040500
250100080001000920007003000009006000600029001000040000060017002800300070000008300
080001003000590004003000000700000800008300025402800010097000008000040100500000600
000009001600210800107600020004000608000062000000004030900000583020900000750000100
400300209100005003080070000000000740000090005000000000608920050093010802002003000
007008000000005007050060800020000000030080709600043000000400350001000070004090201
902600008000050100670010000000000004060700030500400010000049350020000900000020067
700000520200000600000019034040082000006400100800000053090025040008140200000000000
090004380000000026003000001700090060014806070000030004200309000600000000040510000
000395000060000100050012000600070230527030008000000040800009600000100000000003082
080600900000100000796400500200010300000270004070030008005000410820000005000050000
009200000300000006458003100600002000080090070003701000730000000006807300000050020
500000200801690000000800005078000009000402070003000400000000000042003600150007003
401000050500000030000807090205000000704300800009008076007006900000000000020000413
002000090060030082400100000006000000010320900500060000053040067007080000900000004
008420900050000016000050000401000060203000008000783000000030000002008070000210080
900020800100000750000780000001408000000370000073000409004200070060100900200040500
000000100006201090005809006002600409000000020080070000740000000600905010030007200
000000040004006002506008009000002800030070005150080000007104300420300000000000007
000000010000352000000007900500019040300000258070005000016000593000700080000060000
030000600000450000010060709600000080004070020370029050000001000950004008000600000
005300020106000050840001900000500080070002000500109300280900060000000507000030000
400700500601300090000060000000001000090000037800009005000190750007020000080000360
007000000021403000600008400800005610000006000000320009000050008040200900052000043
970004500000060007600000980000039000010800020000100600006041090050000730080000002
400100050000000947700005002006400000003010026010900700000006200009700503007390000
000060004090005002540000970000300800400070009100600000001000000720000600006080721
300000050800000900000000087015600000080002000000081024060050000000127600490300000
050001672091070000000004000008100000000400006006020900403000000000953000520600008
900000030840703005000000804000062000203005000000100068006020000000080540052000000
000000080400007010090002004000500000800200609500090178380010065010720000004000000
000090040600050900008003000000019000560002000912308000000004719006000003030080400
009018005700000000500400090000006050000090800000040006002109070016002908008000020
970000503000000100001700806034057000060008050800900000043005002000000001000024000
000060000070190006100008000000802000500000230600030040006000029901500400040300070
000030080040000700807004093010007000460180030000005900000003015006800070100200000
000415000004020000730000000009000570060007300300000090690000000000076100020031008
030000200007008000900060157000005060003000010060790005701500690000000030000086500
300000500050000004406820000030400070000301600700006003560200340000000700020007059
000000150700001000006020000400000000900306200600009401000030004003062709001080000
920010074004060900700000003050000001000100500600095780000450009000000020300007000
000008530005200000000000046600000800002010000017906000000000005840072010000063090
000120050000708030921030008000000003004060500500073000000004005852000409009000000
000009040200500000650420000093000000040080009720030001000007130060000005000600090
000830000509600070400100360004000000001002040705000200000085700000201006010000030
010060008007019200000000000508040000000200547000006003409000300300008005080700010
003080104610720000000003000900400000860000000007002000000601809300098020080007060
000050200000200060700000800096000400820700006000000901070045000100300090043601000
600000002009002406000054010800095200000200000030010009050040820700800000090001000
400601000005000001900300060209000000000100502010006700500004009002000805006003400
010007408040030250000850000671080003200000007004003020060509100000040000007000080
000050010006807040009000867290400750000506000000008300400030000302000009070000000
807300000000850000003001500000000832701603000000005001306000040200000087010000009
006009000018050300000006217060004098200000400504087000830400000000900000000000020
024100000000500400100008003500003040070000008016900307003007802001000000600000030
000306000000000900000410352300000000160000080900102000506820000000007010030000046
200800906004000010010300500000125000001030008030070050000000489005009000000402600
003040200070000000046070501000000009285000000060501003000007090750003100000008006
154000000028406000000008900000000069000000708005620000000570090010900007003200001
100000090034260007705039006007000000000000000501900800000428600000003010000005003
060700000075090800009508000080000010300000005057000092001980000048000630000006000
140200090008360005500700000009000008601092000020050700060000070000010050000004900
001090000000010200400508060000900005020040000104000000510000300047100009900803050
049050020005021000000000000190005000000600007004000096002508430008009600301000008
009002000302008040000000790070000000080400910091300006020805000000020670000000405
300014028008000000000700500000000109005000280004600030000029000900407000000560010
002030010003900000000500009000002006060100082000850900040090068000080405670000000
305080900700931000000000200640007080000000070008600040000060090060004001900200004
009000006500907000003400010000000200000842000080000039030005700000003800208000390
043010090006502000090008700037000200004050000000007006000080300080305170000200000
800000006020005000604700200530001008000040000700003005090000010000012053060080070
400700060000050300009600005060030570007040081000000000608210000000590000001070004
200000900401700025000000000534000200700900400820000700080010306000580009000006000
000800457002000000074000009060010004020700003900068000000307008000000500050000601
800400010000006200000010030010000043390005007025000100400000900001540000970020000
060040020900700006000000090700800000002004070800001200106080007007360000000900300
000005000004900380800060019700004250000070800500120000340000020000800000002000600
007009003608000090300200000089000020000800400000470000900007038002000160040100000
006802007005000000700000203070001940001240070000005006040700800000030000039000000
940005100010000090007400000000000070005018602690500000320600009009000000060020800
060084003820600040004301000509000000000058000042000080000103050001020700000000200
000520300000060050001000094004170000005038001000902008000700009609000000010000086
000160040000500200020004009000400007010350020030000605040020861000001000900630000
010000000009000470300000200040609000008002000030400700580010040000700092070800100
410000600500000000030560800000000005900002006000093710248000100000000000007140090
080060050030200000040000067000058020076009000500607430000000000700000210020035000
009030000000900605000800007100008026070000000300006900000090700900483010080050000
300120070040007000000000600800950000013006508000070300000000084100000700089010000
500000004010040700900800020040980230070501908000070010000000070390000000001020000
005000690000320001070000040010800200900050074000706100009100000000000007800604300
000460080389050040000002001007000600000230000000700030450600090120000005903000000
000000073408000020200400500000008000001600300500900600003069007060010000009700800
000002400095803000000010900006000539003004100000000070061780000700005002000000708
050800000000000284000046000020600093000000800001900020012005000300020007706090400
000700000040000300008146005000010600001907520050000000000080051006405200009200000
080100050300025000509000020005700008000000001006890000000000030017000900604002800
000030050008050000002000480000600905010080076060005010020000300007410000100063000
643000000000000643500000700008900006030000057000020480000097000000180000060203800
950080420000000000000450906063020070040000050100700090020090030007000102008000000
010937200000000000009005000208040300000053000000100004090000062005800710001020080
060070250000820000300500079190060000000007900507000000000000138070000000050200007
007100002000005900080004030260000070000503100000200000609000003070001009000340008
000002004054670802016050007005080200000000000902000000070000605000064000028001000
010002940002000001900500200009000002000000075683000000060800097800006000000050180
064000000700500000000000097080400705040000062001900430209004100500000020000100000
005090000003706000020000000030078000700900040006003700000010200480200903900000608
030207010000603004000000009000000000000461057002000406603500000094000008108000060
802000007410070030000000080040000010009006703100380900000069100094020800200700000
040003607500020030030070200000000800700060000602000010800009000006040100300802090
000040016500710200000039500020100090040000051000050000900070080150000003800003000
009000000372048000000320000080000700000000004903001208031000450007010000200403000
600010948000600002804700000000026000302005080000100093703000000000570000008001060
050780000000500360000006009009000852000030104000004007005060000007000400010009085
000000000600500310005001040040002600006700031730600090020069000000410900000000070
001054070000800300700130004290080003000000060034000702005000009000000200008010030
100009700700200584000500010007805000000002000350100000400080300006700002000900001
075008043800003107001050000000000700000180000017300602632000070000000000090800065
000000030010700000000400009950300006007050010004000070390624700000000020200830000
032080000007010000080093260018600000720000000503000028006000300000700000370000409
000800000004007000273046800006010490000400700307000065500000604000008000001230000
008500000200003040403000050000000430806000090900071000050400008700060000040109500
800002400000001705400500900020050000104000200000200009060300000009060040203007006
000001000509607200007900100675002010000500060800000500400000070008200009000090005
000010980400600000000320100000408020805030040020050000043090000001000000690000502
002060007000207005300500090930650200070000900000020000410000300000000010706010040
080050024000000300300801900000700403609300018000500060008000100740200000000000070
800900003000400200003070000080000006400629000000710094091500040007030000600000001
480006090000900002310000040000098200000000430805000000070010060600000820200040900
071006005008000000000390002602040000093251070700000900000000030005000000000023059
900000000000000031000016704500830609400000000000200350890040010050020000070059020
500600080700001090000700020028000900000002508000007001040003000150009030006010000
008070040000600050000000320009450000051000800700000000006032007090500000085709001
000691400000000500090000002021003060640100000000800000908000030510420009000008000
005000003706080120010600000100060000600000387000793400000000000000105900003908040
020000000600000703040106000092000030000027080105000000000000000060050809089270300
070000080580090060049800701700608003000000020090300650000000070000002100320010000
000001000060020030100030000300090420000000705000610000005000060007802903200057000
209300070700850060000000301000070080040006000000200000038005007900000400004080012
790100350008030072040009010000074080070000000320050000000007400005000006000010800
900000005000000400300020060040002000000008050820407009080000003000056820000083501
680004000100800000030000900000006034050008006000700000000003007060002090908070410
008000090100300000023600100700000930000000082000004500080000000400008010057920003
000860000000102300002090000000070500049308000000000010038200069020005081000000050
450006020000000040002501907016000002790300010040090000000780400000000009000010500
500000006000700000238000100040000390010400028080006000050000030000609007309580000
060400000200030400090870020409001008000000000073008005700000006000700000100020380
000408000030000007002070004000600048000520090905000010700041005100005030006800000
009020370602008090000090001073000010050000000020001400000005009000310007500200600
900000057500089010064010000000000509006105740000000000203000006009008000100700008
000600004000000100007058000005407600060080000080100003090000500002031040100700300
000030600001700004007000001300090716000405000000003200640500007010007090000008400
038020901009030005000400000000180020070300000600000540500000800020910300100000000
080000905090060000200400008002300501004802070900000400010500040608000000000206000
040080570700005800006100000025001004000000700060400000000013087000070001003500009
098400000200000700000000040700200600420000000005900008000020073060003405000085010
050408000000010067000900800600000000034006900100805070000650000400000709002001005
007000050300004160906810000400300007000201600000050000500040800000062700603000200
000009020000401009050060018000070000395008007087000900070000830900130000200000600
580000002000810900700020000009006850800007000010000000000050703008430600100000040
000106000065000200407000008000070000102009000090005080050060009000000047003040802
078103000000000790000870051020700000000540000405006002003090000002008107000400000
006000800080100000240500310700050009005200000000004030060003000002900704051000900
007000052920700030500010000040100206800056000060300000000000001200000000054060908
000002009428000500000000100005800030300000075000000200107006000800207003040051000
320000000600000901000809060000006004510300029000700180004520003800000006002000000
000900500005000200020100084041009000600000010002006803096200308000000400304700000
002080109070000600009000580907000000038000000040000090390700005010460300000035007
300205008000001000002009500070900080000000703004010000010000902900060035580000006
600000008700000004004000200000009060080630000003004020100070000007005016000908403
000007006000400010004002900100050000270001005400030000000060008063120050000008062
074000300000430500050607001300075600090003100001008007285000740100000000700000000
100000008090270040674090050000000035200000000000064000400020000802010070003000610
010000403800020070000500000000690700096100200041000000020940130000700800080000009
302040806000501032000000000905600000000704001000000040009002657010000000520060000
003000000180070000400200010000500006938000020067100800091003670002000030000020901
000800000018060000704000065000300000030072510000050040000018057009500000400000020
007010004300040000290000030030008090000600002500020140180009000000860000020001500
091007000405600000000000902850900003376050009000000040000000307003072650000430000
080000093000720050400001060008060030900057000010030000009000270000074006000000800
000207400362500870000000000000800250010000300003950000001039008040070006700000000
000000000400908002000000010000000304006200075010090600032080400640700000079005006
176040000000009807000030004000900040300000706008000003040000600610070009200800050
900000000802040603000208000409300008006000000700009250010000300003004090500002000
000560802603000500020000009057000090006300015000900000400070000001800070070200300
600300200007504000009062700000000000000001320000803140004000030008000000053097001
509070004700609300600000000000000800081002000450310000304000605000000109090000040
008000090000026050000000007000203000210009085070058010007000040000460070040002009
006200300158300200200006050000670034007001005400000000000000503000000090000098620
000000204006900001020100800002400600010087000590003400700000000000039000000050903
309020100010000900008040030080000092000380000000906000740005013100007000050000040
050003008100000200380200490000000600000004080090000050017600000060090000824100700
500004003000000009060090000052600000100950702304020000000008000025000600071400800
065040089490800060080056070000000748000034020000000600900080000008015000001000003
000600307405730906070090002000500080040000270050900001000008000006300000000004060
100000000007000932000092000070500306000170000600200080500000090260030850000060000
002000100009451003000000000000013800000006090470208030090060000000300040087000050
006000500007000010003950042900010080000004060071000000000090020600003001000802650
800000602230509000000000510005070306160000200080040000000790105008102000700000000
000000800500000040960080031450907000800001000000020006610004000000100000024360900
000301000400000005600050039058003006060900100000600058081004003000000200000007900
000000710450200000010000000700650000004010305100300670003009800900030500506000030
067001030002800006000300000304020000080000000219000000000450007008070200601000080
007005000090400001004000570009030006800960400010800005000000820000006900002049000
000600000000080030000000790718006200002090070030000460000000008091820000060930000
040000070000006001708000000003000006020040000000500000000607059070020603460105002
000000000600000831070000026000708000003000200520000000301900408790001000005300610
600000009700005432000004500800000300000206051300010020007060000000000004080009100
103080005500102000002005600030600000700000401000000087000008000010020000605710008
060000070000490830000000004100030050000900000490500008510700900800010700020005400
207100805090200006000300000000000003501009400009000050080000002003070061100005000
029700006000000007000000520008006030006490080075003009000980072040000000090002610
004000060009000300760080000000100030000739008140500000000000400000820090857400002
087000000001006280002100305000700000030520100005000400820094000004050000000800000
245000000070009103000007200009002350004700060150000000090080007510903400000000000
030005020000009801000361000010400200020000010000000304200054000700000045059070000
070690240000007000080250000000000002007003000042108063000800001000700400001045600
100090000000000002025600300706309010002080000003100600070000009000400060040000280
003074000000000000019002000900200358008100070000409001100000000007000500600003210
700250000350060074000000300806900030012000000003701050000009760007000000080000009
000020000092008000680000900007300020140090005005000000010000056020950071000400030
000000060370000000000520000000000010092000058001489700010790200500103006007000030
600200000002056001800001009090000238300000000105004000007000500040600902200000003
607420090210030000040000067004000000000810000008007320000100900300000001000640050
000900600006007040043020001031080000000500007060004905700200000000000006080001400
080370000000240030000000702003080560000705009020000008100000000060000954294006000
000200004320600000000041000008350010050002800700800000080009050005000071001530090
000096408700000600090000050020400700800060001054100000000000000000500060001003289
000300080400017092000062010007200009640900001100000300050000000070190006000000070
200103060050900000008000071003800104400006500000000720005000000000032000036090000
053010060090507200040000580030000000900000000000701600080009000000600807005040030
300007000980020000000090052105000000200304900006208000000085030000000094800700000
078000200400030090065040000500700004090000520007900003200080100000003002600500000
020630000000204010090080003605000000000400500030000700000000080413007002970000030
200000000050070004470020500000060000000052703003100800006010057040000001907004008
960007500012000600700000083000140200600000000001009704008003900007000001000090007
900051003020006005000700041402500000000809500053000000000400700000080060700000409
003002000004000900010670005809300000000010000360008009090100007400080000057004800
093061070601000020008090050020080000409000000000050900080000001000003000162008040
000002007103060000500009100090000008080070321000000049070030060050100000000500800
807005600609070000020400307700560001590001400000000000000000026000000000000030940
300400200060107000000008300000090020500000430032000706000240000008063000100000005
000000100605000043002008506040000007000000030100504209004209070000470800000001000
000710090140050000000420300053000710070832000200000000007000000000600450080000007
200006000000008090010300600001050072000180900700000016007003000498000000300802000
801000000000020050020000489500740000600010204090000700010000070073586000000000900
008500200007200060040008000000000000100047000076000005300076810000052004400000300
004060071809010005100090600005000040070005206908006000000000000000300017000700000
006070054020100806300060000400000090250040000000000100703020000080019000094003000
000010040005034090780000000000000200300091580170000900000003060803950000000200800
850021090090600000000000570002845700009000000600000038000000040060503020000072080
317500089800000000005030000008000000020610000100000700090000074600001030050204800
064007030050000006010020090000074002001058040040000003000100070000000008300700025
350207001000000009092506000030000046600002807100008000006003000000001500000000012
900803000400007000605900018102000060050304090000000000004000670007500000090008100
102000000000030510006200800080007000005460700070500900018024009020083007000000080
000018000030020010090000020200309000305600000010000037960800070500000009008000102
000000100053040260020000090000050070030026004219300000804030000000000020000090007
000000060100309000908040000050000087007900050030000409005001003340000010000730800
000905010030200800000070000800000032100009500502004000900003107000050280400000000
000080090400001037700000102000000400083500200900800070091025800000000005042000000
002600700010030602000007409030048007100000300067000010620000900000300000890004000
000000001243000080700620090502004100060500000800000003000300500905070000000200706
000040001200051030000060000001004290907810000020000003400000500083000064062000070
060079200500040008020000040000060450000401009000000100013000000600000002004028700
001004060300000200000017008000070000039000000040562001012005807000001526004000000
700009000060300900018060020000700000080005600092000705000140200000002040006030500
006109005170050090040000007700000080000560003000318020005400008200600000000700000
040000000715400090000500060002005000090360010007800040060000700000089000301000002
005000300402000900010007028800090000041000800000056007600500000000900680070000040
000090000175000000000000060051000206000080400360005000006001078700900500092004001
002005860500830000001720000000000007000600010065004000003040090040300170019000000
030000000000030271004809006007000090000095027059300040600004000090050003000080000
010750000003080000900000006000230015501900000072000300006000801000300000000508043
000000007940500000050308000389002074000000000062000805000003060030670008001004000
000000050409600070010000003300500000708900000241080000000090502000028007000000019
008000000000040020260097000000000040401003500900020800102000005074930000000000301
009060000000000050010509000032097000006380091080000007300002004040000005000150600
000000040009006000100000037010900000006030970030802010300500000090070001040001052
080000040000040301603007000570600000000090208400081000006000010809006750000000003
000000086001400000820000000600500010580071002000040053000009060400105000903000700
200070050015000040040000029000050070007062003000000001400001980008030000000007006
000000000001008000382001600007000020000370094100850000000100030500700069090083000
702000605000400000805602000450030000006800000200074000097000208380000000000100700
008030001000908000005000030407000000080043000500600900070009003003051600002080040
360080000010900503097010000005000276600000300000007000700004000000002650053000710
000000800000020504503140000000009106000600020041080700000900060070008000369000008
053700900000060040001050200090080060004520390070000000000100004012000000009000080
016700003050620900900000000000047100000200000002080037360800000005000760007401000
010000407079030050000000000051804002094005000000000000030600500002400600500100800
064010700500000000009000603000000000407000030000047068070000586802900070000050200
000091050000080000002000600007000040103400200900000365009000500206700000070100809
005200900140090500600003004800000030060000402900060070000000001000036000090514006
501860020700000000000040005000200000084301002000086010000027000250000760900000030
706400150800000063200000000021000008000900000005000600500840070000370080008069002
006810002204000000000000700000080100010003870000500000500000900600204080091070204
020000000070964000000700986005200000360805040007000021000000870400050010000000000
070000000000003062230060750020005016060800000000100080000030970140000000590000000
000086010000501000009030400000000000060000839005170000026054000700090000090003087
062000000300000906800000020609043000010006703040800000000000032900001500070300600
087200960003050700000000000100048029000000000000560000200009058000302604700010000
003000900000005420607004500004000000000003060375046080001300040806000001000100009
000001700408000305005400000070090481900870000000000050000024600200900000060300000
010400009000150008080000004100020000000003706075009400000000860007000000060208030
006800090952000400040001000000060000509008001030000200081900007000400000070000960
008005600300002004070100003010304005000000080050820000000000307007000002025400090
000000000061020008342100000006000000000903801290040060000604010005800000000000509
205000000040000835700000001000030002002090710004706000030080060000005004000073100
000000040071690000045000090009005600200070530000029000700210000003000200104500000
000010800089003000200009000000030000600480007703600200100204300050090012000000006
000830000001000000008000025070400200056000008000006010200100356000000000783200001
000010700000008094390070005109000806700000000000146000040090560000000002000051003
580400009000001400904607000600000000020000001100000700000000904300980100006300870
000401020010350007000070300200040130004000000060908070005000006040000500930200000
004002060001000208000308000005010890000009000610000003000090040040603700000001030
002004100800609500907010000000100705000000000210708009500400680000050000680090000
000070000460093000059204000000029060000000000090048700003000008970010046042000030
053026400086900003000000000008040590900000000310000600500000080020003100007005200
000050080008100460000870219950000000000400000427010000000560008080701040060000020
090060050370041000000300040020008000080000900460050003000004082200090100700200000
901070000080002700040000008000000020300700465000003000570820003100036047000000000
050000709300750000000600340030000401002903000008001000109000038000040100800000600
009004000800000007047100000000900020010420730000700046030009001190300800000050000
000050702790040000004060000005000096018293000000000000500930081009100000002005000
000700413709000800000000005036020000000000500840000007900100348400008000002300700
000092000009000100020000306000380604740000000000570000030600002950700000670000010
706050900050018000900007000080060010000000034090200000400003025005000000009500071
700006000000400180100000400000100300000560008305900760060000000470001650000008090
000040200034006900010005000050000700800000010300050006000081090200000040090300850
800001000003000100002000073000000004087004600010005890078000000000703069304002000
000007930001026000960000000000008400600190080000000002030000000729300008000402010
708600030063700000000000090000390000000002901000045028070000000000000062405000780
014008090007000204000500000000060700000380009030400600800040070605000000009150060
900000800004000020703040000050700210400180009000000380000470100006050000005096000
104002060000400001308070000090006000500000019802300000000000000900087402700000908
080105090360200100050800007000000040904007200000030006100000008600000400000720010
580100000400000000006087040000010500060000090900000410007003000831600000050000780
020048090005000603600005100000010009000052007100000402500021300900004000080000000
300900800000500600602800054003000002000070580209000060070000000000001000006208700
524701000030000000001060000008000205006010000070600009000980420000006900012500080
000004020070100060309000504000601000100905083000000000007800090002000006908040050
000000300008042010050670008001009070600005400000060000804000030100000007079000084
040050000001000000000006207005020003860000004900008000080602010100700030036009080
600028000000090000800001500020007000400000603700004051230400080000802400040000030
000005380000006000020089005000000802600000000104800060008040050745090008900070010
008062000000070040000080200005028160102000009089005000040000903000600010050000000
030050247607080000049000008000000130000070082003012005071000300000400000900030000
900406000048000060600380000006000807001052300020030050200009000700000100000028000
005007380046000020000040005000300700084900500070005090002810000090003800300009000
060000000300006802500000090030000005042009001001207008000008040200030010000970000
008400300050000089037805000000700000000009000000030072004060790080000205006150400
000400100006070000700100035000050013100000046020000008070000420000080000205703000
005700480000340590001000000000400006700068103000000028000007000053090000070050060
000000306006058004871000000050010000000403000010007000420080019000070800080005030
030000001007300060809604002008000000000107020320000000900060050070019000000002807
200000000007000090006300208080070000062000004000653000090080401010000070600004050
000960000000700100058400030010602080300090060000000050004009000006003010030500028
200950030003010007080000400050060000708500000000000900100000504006100200000327010
004009060700002400010006003000000005600000800050700092000000009048010200002900308
010050800075100300003280000000000004050000030009017000000072000530900000041005006
030000508000670040005002000017004000020000670000008002001800000003040000008201304
000704003005060000600100708000000256060090107000070080030500000042000000806000001
000600040009005000731000002300400705900068001200900000000020900004590000000006020
007002905039004260500060000090003051068050000000800007000000009000005000040030100
000000000100009042200105000058203004007000000030490010000500400094800000000006350
000017092007040000300008050700050000900060004010904003000000680000090001028000000
006270300500000804007400020000900740280000900000002000030094000050000090000005603
900104805000009000020000400070083100000210000000007090060000750107000002005601000
007000406080100900302060000000210700008506002021780040000000000000025069093000000
008000106000417000000000000040035008000209060000080050054070000200000500700806094
098075600001000045060080000010000000002040090307001002030057000000000050700400081
000000010103090008500204000002000371000602005009001000320000000001400650000000403
080700014000002009964000005400603000000000001573080000008007000700001020000000006
010000600580000002000900000000500000400020065001003900000309180030400006000800394
000000010510008700800060002000042007400010000700300600690000300000006000001590020
000000700035007009019030400000000050803004000056000810000000008090260000520908000
070040306090000000002100048000000060047060000360201000620007400004800000810020000
709000010000000000800056007050260701001008002902073000000030000105000006300000070
000004830608907400500000010307008200800206000900000000000000070702005040030800000
004900020060000007002601000035002000900000000000060301093000015020070094100000002
000000090030070008847050000004203106000000000001000950003000280000600700508700000
000001800001006090760340001800000105006000003000603478483002000007000000090400000
080936010300400000000008905000020009000500001026001540003000207200009000050070008
007000004600200030080600052004035000020008000800070500400000005006591000000040006
608050049000060000090100000007600200040305000009210000206000000100038007000000500
006900040000305008000080000000130000500849001900000400200000036009270080600400020
703008500040000072000600000030001009000300000504890000802700610000100050050000400
900021000002800050700309000000000000067900300830000100003000010109000720020004060
040082000093000000050103007009600030000301000000040500000800000500000006300006241
800000009020805000004090000000030004000100060000608293000000050306002800070050001
500008010043000007000000900054900000008000470130005000405000020000700008020140000
800000205500140090000005018090080100430000000000210039005000000100002600040030002
090400000002050000037000201049003000000079010100804005060090000010000050000060904
704005030020000800100900507000030710870402000000000009098300000000500006067000000
080007900000002043900010000009004007006000032400030000000000009000208300718043060
000074000000000805000080910005408000608007000300000004003090100800600290002005000
000900000030004020000080004060020007801500030000300900090030042000100600200090701
020000030604000000971020000000810760000000041000004350000700004060200010008406570
000040000050000910760050800001200300070500000300079050290000000010700062004000005
309001004041600005050002030000406107000200300600507002000000006503000000000000070
037500090050140000000008010000000009025300600070000000060900040502003000003001028
000010050000009000068005702500007400820050010039002000200078003000000900000000070
204001950070060008500004700000800004009700000000006010090000007000020000031000480
070008060000540000000017000400000093097004002060030700008003001004000200000801900
085000300090020000600800090502300000004090000000100007700009052900080600006500100
700006090001039074030000006100002000000000000050400803905007000003000047000210000
005064000000520700302000000080600500000000690000000034000050060890040300700009200
005030000090000000100200407000000005900105000023894000000010680370600004200000100
095108600003090400100607000000401000816000000300070006000002500000010000040000702
806400010007000009001000000000800400023000068700020005098000050604090000070040080
000670082030000040200005100001000800000000567090000001040500600100000059900003004
700008000300014087000905000000030598020009000100000000040003069000080003280000100
075006020020107608300020000000005000000070800058900300000690200030000000407000009
300009000000005004060080010107000830000000690200000100401900700000500000005403060
071203500000004030000560000090000002040106000068000001000300600600000207000001490
000500410000000060000870900000048600600023001700000000970006003346000090080002000
001097000000060090000030708040000006002000000139000000800072300600009100007400950
560000000004053000007000000030000001070006098002470050000012000000008040809540060
008027900540800030070000060300100006000000000010075000000000720003002509400030000
008000104002801009900050000607000400004009007000000020000080040009706000400500960
000000876000102000006080000400000010320000090000009740083004057000900000947000003
710080006000062000003010000000000008000800190940000300000103000086470003007000040
070480300003006020400000005000050030000000000620000041068000000000030209900005763
050000000000057000000000620000000806800200043037080150002060900504700000008001070
042360000030200000806000000107000035000000204000095060300900070070100600010007053
000000708908000000000700400000014530600590180005060000040000002806100009009036000
000000809080000000004060300070090500040730000002000460710040250000500000200013900
000080503000003004800000000005000400903005801200394000000000200500009070361007000
000000090047008600009056000300410000908000007500000203000069005006000800080000700
002108000500000000030009460083900140000004007100000000000700900470003200009840050
090028000605040800040000009001004008069100050400000600850000000000000025700006100
040020300000300070130000865003000000000500710704103208000409000060000009001000000
700098200000300050050004007002000300300100740000000001074800000601007095200005000
706900500002030008000005400000098000068070000003000000000100020301420097000000100
009507000300004000000029800053000091042015007067000000000000080400002700005000400
300000000090005037005007040000001074000060300021000000700500090108400056000200000
002000500000000741340000002000408060018007030056003000080006010000100854000090000
060000000043010205000000074500070009871040000000100000080050090000000010704900603
001008760000510002030000090400007006000000080053020000200000019016070400000002600
820000046001000000930000700050071300700004020000506000006030008100600400300005000
003100000000000004060348000047960320006000008050000970030090600090002000000050001
010600000000009200600807005860004030301006000900000000000781040480060010003000900
060148300008000070000060010035070000100020040700000006000080004000500001600702000
001703009807000200000002060080000091000000005009651000078000056006000000000240030
010000456000015000860000000000900080300060000040000730009070100720006300400800900
000400070920050004406000000001500860000030200095800000008071000050000107000000020
090001000000805000005060200078002060900010300004008000000040603050000020032089000
080692030000000007030000280000250008006900003020000700060000009900700010500080000
070060800030120060500008000780000000000600900020400007100900400000000050000205038
000003000000108930089000020002980000098000461005000000100050300000000270870600000
000070000060089050080100007000000230400200005706050001009008706003000014800000000
028030500000009002070000030040080003500902076000000000064000100900400005003000090
107008060000000000000700300006051204000090000250000010034000700802009000970000402
300000570000050600800006102000020004506003080400000000000060200009700003050308000
000030005000040100005100000080000014004070200000290030849050070006000000230680000
030009100100000003060700000405000000006008012007061000200004701000000048000005030
070806540023000080000000100004008000000027600000100030010000000060240001052009400
704900000001080050000004009070000500095001200300007000060028015000000060003500020
800009200090000563700304089004000000000000095030005600068003000040080000300620000
260005018100000000000900045020300000700008000000109000000002060047510200010700003
093000000700005080500000001200807000851600900070010020000090000020006075000300010
000008000008047090070060001030020000607000008000600305010070009009205400704009000
004000095000090060570004018700200006013000000005000000027050001800600000000800039
061000090070040005300700640050001070000609001800520000000004009007000108000000030
200500100040000007030002000000108000060000000302600970524000090900000705000010020
600400800000006017081900040009040008300708500000305000500000900008000076906000080
690000080000400016000000040000508234300040900000372000700000000040026000950000000
305000600000930000000400002000003006018000007040008000280309570000102040050000000
000900003002000867706500000000008030000100690500000400003000084000009010020300500
040030020010908034008000000003746000000000000784000050009000510050084000067050000
090060300001500096340702000000070041408000030000009078007000000010600000800400010
023400005008610200000070000190000500000000070800005061000000000001720000450000890
004000000700090460000000900080020000000900054200500730042000001008037500600002000
400006030900004025001090070000000209105000004000010000000362090000400500200000006
856000200091000380000008004070080000500900000009000567060090000000540902000000000
000000020009847000104200000000000100008710295006090000200050000000470500030100700
860000910000000027000610005000000200900284000400070100002009470600007000030000000
007000002000380000020009016100000000030040059009608000001000000203000904590800023
000000680060193000500070000010030005000020430094000008000006042000000510600540000
020000500708100060000090700104070030050069000003000000930710640000000005400000190
050076130000900002000500907000005000200010800300060009000090008003000070810002500
500000900060000002010200400700380000000041080000006050003000007600004020029703004
008067500090200070000908600230000000000009037700030004900050020100000400002000805
902805000000070900000000802000009000800400030105000680003750400008904700004002060
005008000030000000900010003090050007000000600004306015001070049600520700500100000
750008206000002000009006530000023041903804050500000000800000000000010704020000000
900800000030060000020907610490001000072000100300080054004000020000500000000190005
700000009062300100010060023400005000020003006900700000000000031007009008200000470
000806009700050000326007010907008000000002007030000000042005090800000304060000002
000050000070060000014800050000080430007003900030002000060070008095100002200000740
001360795003000120090070000046000002100006000000002008000024069700010000000900000
020000018000008034000020000008070000000043060540080020090500006060002000400300080
003086070004000850001500003500000400400208000210000060000003904060000007000900000
001007350000000000267000000500200080080400000070006000000029605009000003605013009
060208000000600708040097003002060007000700100800000300390080000000000650004002000
060400930000010004000000000243087005006900080901004000000040000100070000002000670
010020096490000000700500000000000067000910000001005034000850000057600310800000700
000500000406000010000021096004000900000019370010002000100204000820090600300070000
530009700800500004000730000300020000900000003020400089090000008005070200000001006
904026000006900700000010400040050006802000000610000207000003050400001090003009000
900360000800002097000009004020006000000000010004003800010070630008040005560000100
039500004700000000051200000070000005040708090000040072000100307020460051100003000
500006010800102073107000600009400100000000840000030000000067000058000906040000050
301007040870000000060000201006400090000030006530200000009081304000006050000040000
020506000504200000000001000091000003005003749000902010000080001060000090409000500
008100600000200097000030001000720000006904005090350800030000000152000400004000030
030000004800500000090003780700294001008000050000001097302006000001000940000000070
009620000060701040000000700600000000000000410012060803028070000700010090904000030
030000902020000030640000007070300004090001080000040320008000000200580090000400003
000800007006010900400002300000003400000026000093000000050000260030108740040000010
037000000040007905600080010506700001000060000000900080008403069300000140024000000
710400000500090000003010000050039800208500400000000017039078050000002100000300000
701500080000901000050004200980700400010000008203000790020180007000003000000000060
000000000006100708100285000000650100400900800080000003000030000540009600810000304